boosting_type: gbdt
learning_rate: 0.014150672355412373
n_estimators: 977
num_leaves: 147
max_depth: 5
min_data_in_leaf: 38
max_bin: 204
lambda_l1: 7.21854248497227e-07
lambda_l2: 2.1517409834646775
min_gain_to_split: 0.07031737132925633
bagging_fraction: 0.5946172949273422
bagging_freq: 1
feature_fraction: 0.7501712265815338
scale_pos_weight: 2.6468713740659076
