boosting_type: gbdt
learning_rate: 0.040858090515276384
n_estimators: 625
num_leaves: 118
max_depth: 8
min_child_samples: 65
min_child_weight: 0.09779134995302295
max_bin: 485
lambda_l1: 0.0006977291067542156
lambda_l2: 0.0009096104382413599
min_gain_to_split: 0.02235095965328462
subsample: 0.8253838247621271
colsample_bytree: 0.7480504852441199
subsample_freq: 2
tweedie_variance_power: 1.9914000728554107
