learning_rate: 0.02713921862541775
num_leaves: 177
max_depth: 6
min_data_in_leaf: 73
max_bin: 181
lambda_l1: 9.264823070367179
lambda_l2: 0.05781155408365426
min_gain_to_split: 0.0014196865482255126
bagging_fraction: 0.8905228988605015
bagging_freq: 9
feature_fraction: 0.7004340547915202
n_estimators: 340
