learning_rate: 0.020775465567995557
num_leaves: 255
max_depth: 8
min_data_in_leaf: 90
max_bin: 217
lambda_l1: 1.4951333009952307e-07
lambda_l2: 6.560698528318815
min_gain_to_split: 0.09738729753213726
bagging_fraction: 0.6929149847554631
bagging_freq: 4
feature_fraction: 0.8828874839869809
n_estimators: 518
