learning_rate: 0.0406292887226636
num_leaves: 90
max_depth: 3
min_data_in_leaf: 22
max_bin: 221
lambda_l1: 2.2536399284900245e-08
lambda_l2: 2.0429101264474027e-08
min_gain_to_split: 0.060355678549991805
bagging_fraction: 0.7177683000759918
bagging_freq: 10
feature_fraction: 0.9996277750004354
scale_pos_weight: 4.531878250253262
n_estimators: 940
