{
    "n_estimators": 761,
    "learning_rate": 0.01622243672139718,
    "num_leaves": 254,
    "max_depth": 4,
    "min_data_in_leaf": 4,
    "max_bin": 378,
    "lambda_l1": 7.807682212034418e-06,
    "lambda_l2": 0.14202208561356247,
    "min_gain_to_split": 0.04125057509028176,
    "bagging_fraction": 0.9263908396336314,
    "bagging_freq": 7,
    "feature_fraction": 0.6266989773089223,
    "scale_pos_weight": 4.155363447335913,
    "boosting_type": "gbdt"
}