learning_rate: 0.024138934079510635
num_leaves: 207
max_depth: 8
min_data_in_leaf: 90
max_bin: 103
lambda_l1: 8.585933038805538e-08
lambda_l2: 1.838134237528062e-08
min_gain_to_split: 0.0843991438060693
bagging_fraction: 0.5595034334466702
bagging_freq: 8
feature_fraction: 0.5730318209767663
n_estimators: 811
