learning_rate: 0.01724387137455748
num_leaves: 117
max_depth: 11
min_data_in_leaf: 98
max_bin: 263
lambda_l1: 0.005055835289375041
lambda_l2: 0.5811100246280613
min_gain_to_split: 0.06576073627280422
bagging_fraction: 0.6090489808267057
bagging_freq: 1
feature_fraction: 0.9393862387626106
n_estimators: 622
