learning_rate: 0.013971272395682327
num_leaves: 251
max_depth: 5
min_data_in_leaf: 30
max_bin: 213
lambda_l1: 2.0802820690287676e-05
lambda_l2: 0.49721448729875545
min_gain_to_split: 0.025990958601433474
bagging_fraction: 0.5663303876900997
bagging_freq: 4
feature_fraction: 0.7996486197734868
scale_pos_weight: 7.429881108938442
n_estimators: 552
