{
    "n_estimators": 1703,
    "learning_rate": 0.06207434675074835,
    "num_leaves": 101,
    "max_depth": 1,
    "min_child_samples": 12,
    "min_child_weight": 0.0003487688075511121,
    "max_bin": 270,
    "lambda_l1": 0.07601762614845566,
    "lambda_l2": 2.6225255607116434e-07,
    "min_gain_to_split": 0.0847174320798732,
    "subsample": 0.830259910657872,
    "colsample_bytree": 0.8660140393344015,
    "subsample_freq": 1,
    "tweedie_variance_power": 1.7130011815189712,
    "boosting_type": "gbdt"
}