learning_rate: 0.030770723389052974
num_leaves: 220
max_depth: 3
min_data_in_leaf: 72
max_bin: 264
lambda_l1: 4.0400488490039766e-05
lambda_l2: 0.023043710386460605
min_gain_to_split: 0.05023865946376432
bagging_fraction: 0.582114040709931
bagging_freq: 4
feature_fraction: 0.8812885138471722
scale_pos_weight: 4.979556488662336
n_estimators: 271
