learning_rate: 0.032448906031051515
num_leaves: 103
max_depth: 10
min_data_in_leaf: 78
max_bin: 206
lambda_l1: 0.13273732673889602
lambda_l2: 1.5621617204904898
min_gain_to_split: 0.04896471747216835
bagging_fraction: 0.53478616409946
bagging_freq: 10
feature_fraction: 0.901080291388736
n_estimators: 384
