{
    "n_estimators": 1232,
    "learning_rate": 0.09307750639609734,
    "num_leaves": 138,
    "max_depth": 5,
    "min_child_samples": 3,
    "min_child_weight": 0.049664464856667416,
    "max_bin": 370,
    "lambda_l1": 1.8398806531896712e-06,
    "lambda_l2": 1.8260466089765314e-07,
    "min_gain_to_split": 0.09621642998264296,
    "subsample": 0.7526287494327665,
    "colsample_bytree": 0.8480678354436455,
    "subsample_freq": 3,
    "tweedie_variance_power": 1.1677523486682455,
    "boosting_type": "gbdt"
}