objective: tweedie
boosting_type: gbdt
learning_rate: 0.06294648724125865
n_estimators: 1818
num_leaves: 26
max_depth: 7
min_child_samples: 30
min_child_weight: 0.007369092964532469
max_bin: 194
lambda_l1: 0.3732970490641899
lambda_l2: 0.0027953601294531272
min_gain_to_split: 0.045798405896735936
subsample: 0.913467404657818
colsample_bytree: 0.8941336031545668
subsample_freq: 0
tweedie_variance_power: 1.4038933146526207
