{
    "n_estimators": 819,
    "learning_rate": 0.06412448016044053,
    "num_leaves": 70,
    "max_depth": 3,
    "min_data_in_leaf": 60,
    "max_bin": 211,
    "lambda_l1": 1.956016065748923e-06,
    "lambda_l2": 0.02202743662870499,
    "min_gain_to_split": 0.07343867422526303,
    "bagging_fraction": 0.8695261690483341,
    "bagging_freq": 6,
    "feature_fraction": 0.7551048771749194,
    "scale_pos_weight": 2.8724825114227595,
    "boosting_type": "gbdt"
}