learning_rate: 0.09636529415488801
num_leaves: 223
max_depth: 9
min_data_in_leaf: 91
max_bin: 130
lambda_l1: 2.6935183098974038e-08
lambda_l2: 1.5528236948488568e-05
min_gain_to_split: 0.017136307907279404
bagging_fraction: 0.8201645845030353
bagging_freq: 8
feature_fraction: 0.8305830496780688
n_estimators: 143
