learning_rate: 0.023547224494824142
num_leaves: 64
max_depth: 5
min_data_in_leaf: 65
max_bin: 187
lambda_l1: 2.1291952471234077e-06
lambda_l2: 0.0013543794962428224
min_gain_to_split: 0.018747945788373275
bagging_fraction: 0.8607242006692843
bagging_freq: 2
feature_fraction: 0.7266106423287985
scale_pos_weight: 1.3773055583603278
n_estimators: 610
