{
    "n_estimators": 1313,
    "learning_rate": 0.056736090606687474,
    "num_leaves": 2,
    "max_depth": 9,
    "min_child_samples": 66,
    "min_child_weight": 0.033008642357377445,
    "max_bin": 137,
    "lambda_l1": 0.0008959284038492919,
    "lambda_l2": 1.539234709124878,
    "min_gain_to_split": 0.005162427796985891,
    "subsample": 0.8014555131382808,
    "colsample_bytree": 0.9992075857679528,
    "subsample_freq": 5,
    "tweedie_variance_power": 1.6566317438559741,
    "boosting_type": "gbdt"
}