boosting_type: gbdt
learning_rate: 0.027454419403801254
n_estimators: 2668
num_leaves: 56
max_depth: 7
min_child_samples: 37
min_child_weight: 1.0642829894665601e-05
max_bin: 330
lambda_l1: 0.00019355551861383735
lambda_l2: 0.2189188022970311
min_gain_to_split: 0.06000084323076684
subsample: 0.7432632008169333
colsample_bytree: 0.8398814375697818
subsample_freq: 0
tweedie_variance_power: 1.4295465995724608
