{
    "n_estimators": 2142,
    "learning_rate": 0.06079734725168952,
    "num_leaves": 15,
    "max_depth": 5,
    "min_child_samples": 45,
    "min_child_weight": 0.023865084303979874,
    "max_bin": 389,
    "lambda_l1": 2.8774575650714766e-06,
    "lambda_l2": 0.0012290551774962973,
    "min_gain_to_split": 0.09870054745969112,
    "subsample": 0.8850784255395696,
    "colsample_bytree": 0.9602684162647223,
    "subsample_freq": 0,
    "tweedie_variance_power": 1.4526664115907488,
    "boosting_type": "gbdt"
}