boosting_type: gbdt
learning_rate: 0.04438755746033832
n_estimators: 728
num_leaves: 43
max_depth: 0
min_child_samples: 20
min_child_weight: 0.0001440280022666054
max_bin: 276
lambda_l1: 1.0354956721365774e-08
lambda_l2: 0.9696957688879707
min_gain_to_split: 0.020273156820445427
subsample: 0.9640692736895927
colsample_bytree: 0.9724997327214996
subsample_freq: 0
tweedie_variance_power: 1.3650221794555877
